D04D 6 2 13
D04G 0 1 3
D04B 0 34 136
D04C 0 3 14
D04H 50 113 230
G09D 0 6 10
B61G 0 4 8
B61F 0 12 35
B61D 0 63 119
B61C 0 4 6
B61B 0 107 185
B61L 0 46 65
B61K 0 6 13
B61J 0 4 8
B61H 0 7 15
F15C 0 1 2
F27B 0 82 256
B04B 0 22 47
F27D 0 79 267
D03C 0 17 25
D03D 0 97 393
D03J 0 19 42
A23D 305 30 65
B44C 25 36 211
A23F 323 30 62
A23G 0 23 149
B44F 6 7 31
A23B 0 33 141
A23C 370 23 73
A23L 0 176 980
A23N 0 17 26
A23J 539 9 49
A23K 343 26 85
A23P 0 13 43
B68F 17 1 2
B68G 0 18 64
G07D 0 284 401
G07F 0 312 661
G07G 0 273 338
B22C 0 45 233
G07B 0 81 134
G07C 0 97 124
C06C 587 5 9
C06B 2 4 8
C06F 587 2 2
C06D 2 8 13
H05B 0 360 1294
H05G 0 20 66
H05F 0 22 68
B01L 0 20 37
H05K 23 1147 3305
E03D 0 69 150
H05H 0 161 336
E03B 0 23 70
E03C 0 71 217
A47B 0 162 272
A47C 0 133 231
F03H 573 3 5
A47F 0 35 74
A47G 0 70 162
A47D 0 5 5
A47J 0 220 496
A47K 0 170 379
A47H 0 12 31
F03G 0 10 19
A47L 0 213 548
F03D 0 3 13
A62C 0 43 101
A62B 0 30 51
A62D 2 8 27
E01B 0 45 67
E01C 0 81 211
B01F 0 74 258
E01F 0 33 72
H03B 0 56 158
B29C 17 776 3291
B29B 6 106 407
C23C 2 530 2212
C23F 2 114 392
C23G 75 44 153
C23D 1 5 20
E21F 0 25 52
E21D 0 194 388
E21B 0 99 161
E21C 0 20 36
H03J 0 48 84
B65H 0 1105 2575
B65C 247 30 79
B65B 0 326 594
B65G 0 1023 1594
B65F 0 48 116
B65D 0 491 1319
G21H 0 3 6
G21K 0 76 189
B08B 75 140 341
G21B 0 14 42
G21C 0 153 456
G21D 0 24 95
C11B 2 29 61
G21F 0 42 165
G21G 0 1 4
F24H 0 139 489
F02P 0 160 328
F24J 26 13 40
B01J 2 565 1811
B01D 0 416 2006
F24B 46 1 1
F24C 0 167 360
F24D 0 66 242
F24F 0 513 1501
B01B 40 1 2
B30B 0 141 276
D21H 6 62 310
G03B 0 1194 2428
G03C 2 523 1200
G03D 0 95 262
G03F 2 578 1625
G03G 9 1686 5987
G03H 213 22 101
C30B 2 253 798
B04C 0 13 32
F02K 0 11 29
A44B 0 36 57
B05C 0 155 384
B05B 0 149 323
B05D 2 130 696
F28D 26 89 248
F28F 0 81 277
F28G 0 6 27
F28B 26 8 16
F28C 26 8 15
F21V 0 159 351
F21S 0 80 170
A22B 0 5 5
F21Q 0 18 32
F21P 0 9 21
C12M 0 61 154
B02B 0 43 90
B02C 0 94 260
F21M 0 37 103
F21L 0 5 7
F21K 0 1 4
F21H 4 1 1
B27D 0 12 61
B27G 0 11 21
B27F 0 13 23
A43B 0 38 103
A43C 0 1 3
B27C 0 19 28
B27B 0 36 54
C01B 2 231 868
B27L 0 9 22
H02P 0 353 783
B27N 0 4 26
C01F 2 37 98
C01G 2 183 566
B27K 2 12 59
B27J 537 2 3
H02J 0 312 893
H02K 0 469 1018
H02H 12 178 489
H02N 0 76 208
H02M 12 470 915
H02B 0 89 174
H02G 0 264 516
B44D 0 5 20
E06C 0 15 24
E06B 0 205 385
B28B 17 124 533
B28C 0 13 53
B28D 0 47 86
F04B 0 169 522
C08L 6 1306 3300
F04F 0 8 25
C08H 33 1 6
C08K 6 647 1574
C08J 6 474 1448
C08G 2 1222 1840
C08F 2 694 1388
C08C 2 5 11
C08B 2 57 120
A61N 0 95 178
A61L 0 112 499
A61M 0 227 382
A61J 0 47 97
A61K 2 1468 2391
A61H 0 111 205
A61F 0 155 319
A61G 0 89 140
A61D 0 3 9
A61B 0 1011 1633
A61C 0 86 178
E05D 0 63 106
C12P 2 173 513
A63J 0 7 8
E05G 0 18 24
D05C 0 73 131
D05B 0 175 311
B44B 541 3 11
F01N 0 143 549
B62B 0 35 49
B62D 0 759 1072
C13D 0 1 3
B62J 0 97 180
B62K 0 81 176
B62H 0 4 10
B62L 0 14 31
B62M 0 50 121
C12J 564 9 13
D06B 0 21 80
C12H 0 2 9
C12N 14 251 640
F41H 0 4 17
F41J 0 6 10
C12C 525 4 6
F41G 0 28 40
F41F 533 16 26
F41A 533 19 43
C12G 411 9 38
F41C 533 5 9
F41B 0 13 22
B09B 0 65 210
C12R 14 175 575
C12S 539 4 7
E05F 0 120 175
C12Q 14 87 237
F16D 0 265 535
E05B 0 192 255
E05C 0 39 60
F25J 484 19 58
B41C 0 54 106
B41B 0 13 16
B41F 0 183 458
F25C 202 65 105
F25B 26 588 865
B41K 0 25 54
B41J 0 1871 4465
B41M 2 319 1290
B22D 0 266 908
B41N 2 39 159
B23H 0 38 171
B23K 0 490 1541
G06K 0 902 1584
G06J 596 1 1
G06G 0 121 218
G06F 0 12569 15494
B23C 0 35 83
B23B 0 161 363
G06C 0 5 9
B23D 0 91 172
B23G 0 19 31
B23F 415 13 23
G10B 0 9 18
G10C 0 9 20
G10D 0 16 21
G10F 0 22 31
G10G 0 44 48
B23Q 0 706 1070
B23P 0 330 657
C05D 2 2 9
G10K 0 281 475
G10L 0 240 373
B06B 0 18 43
E02B 0 111 222
E02D 0 323 813
E02F 0 170 322
B24D 67 18 123
A46D 6 3 18
F25D 0 194 589
B24B 0 205 574
B24C 0 28 81
G06M 0 42 64
G06E 8 7 15
D01H 0 92 199
D01C 42 1 1
D01B 0 2 2
C22F 24 100 243
D01G 0 21 38
D01F 50 157 537
C22C 24 562 1662
C22B 0 58 250
F04D 0 165 392
B66F 0 202 297
E03F 0 38 120
B66D 0 31 62
B66B 0 434 739
B66C 0 203 288
G09F 0 229 813
G09G 0 1002 1729
A42C 2 1 1
A42B 0 8 15
G09B 0 349 444
G09C 0 33 43
G10H 0 390 447
C05G 370 8 36
B29K 6 427 1747
H03D 4 37 93
H03G 0 84 213
H03F 12 170 439
E01D 0 29 86
H03C 449 7 32
B29L 17 462 1875
H03M 0 528 907
H03L 0 115 283
H03H 0 231 694
H03K 12 524 1223
B29D 0 93 382
A45D 0 33 79
A63H 0 35 55
A45F 0 5 5
A45B 0 7 14
A45C 0 29 41
F16S 0 2 4
F16T 40 15 19
G02C 2 40 139
G02B 5 1047 4281
G02F 2 764 2978
F03B 0 17 54
F17D 54 13 43
F17B 0 1 2
F17C 0 31 95
F16K 40 305 507
F16J 0 161 322
F16M 0 31 52
F16L 0 250 698
C21D 0 224 890
D06C 50 17 74
D06F 0 189 530
D06G 75 1 1
C21B 0 66 190
C21C 0 49 237
D06J 0 2 5
D06H 0 41 72
D06N 6 16 72
D06L 2 14 22
D06M 2 135 461
D06P 2 68 161
D06Q 25 2 9
F16C 0 278 667
B27H 0 2 8
B63H 0 70 149
B63J 0 1 6
B63G 0 4 13
B63C 0 19 36
B63B 0 119 221
D21G 0 10 20
F42D 0 3 10
F42B 0 41 94
F42C 0 8 14
A22C 0 26 45
A21B 0 15 29
A21C 0 12 32
A21D 333 19 108
B42B 0 45 65
B42C 0 68 101
B42D 0 147 374
B42F 0 32 40
F22B 0 43 157
B03D 0 4 8
B03C 0 49 123
B03B 0 10 27
F22D 26 13 48
A46B 0 29 54
B32B 6 601 2149
F04C 0 199 532
G05B 0 1169 1517
F03C 0 15 31
G05F 12 102 219
G05G 0 19 37
G05D 0 774 1279
G11C 0 602 1424
G11B 0 2544 7480
C04B 6 446 1954
A41H 0 7 13
B25J 0 532 781
B25H 0 22 33
B25G 568 1 2
B25F 0 2 8
A41B 0 14 39
A41C 0 3 6
A41D 0 27 72
B25B 0 66 119
A41F 0 1 4
A41G 0 4 17
H01M 22 414 1372
C05F 0 24 71
C14C 570 1 3
F26B 0 76 208
C12F 0 1 3
C25B 2 43 111
C25C 2 9 29
C25D 2 148 627
A43D 0 4 9
C25F 0 6 39
D02G 106 102 243
D02J 106 52 123
D02H 106 9 24
B41L 13 12 40
B27M 0 30 65
B67C 0 14 33
B67B 0 16 23
B67D 0 70 135
C01C 528 3 7
B22F 148 123 573
F22G 26 4 16
F01C 0 18 50
F01B 0 3 6
F01D 0 58 154
F01K 26 20 74
F01M 0 40 149
F01L 0 124 350
C03B 0 80 449
C03C 6 133 422
F01P 0 55 183
C13G 612 1 1
C13F 152 1 3
C01D 2 5 15
C13C 609 1 1
E04H 0 434 805
E04G 0 289 614
E04F 0 328 881
E04D 0 150 376
E04C 0 89 269
E04B 0 471 1255
C13K 2 2 5
C05B 0 1 4
B07C 0 91 122
B07B 0 36 125
A63B 0 148 282
A63C 0 19 54
A63D 524 1 1
A63F 10 224 605
A63G 0 24 33
G01V 0 107 215
F16P 0 13 20
G01T 0 84 199
A63K 0 3 9
G01R 0 1158 2257
G01S 0 489 825
G01P 0 327 569
G01N 0 1301 3603
F16H 0 494 1187
G01L 0 245 505
G01M 0 296 647
G01J 0 190 586
G01K 0 97 293
G01H 0 90 163
F16N 0 11 27
G01F 0 176 437
G01G 0 103 155
G01D 0 330 606
F16B 0 171 280
G01B 0 928 1851
G01C 0 442 830
F16G 0 26 80
F16F 0 431 801
A24D 0 11 26
B60D 0 10 14
G04D 0 1 1
G04G 0 79 132
B60F 0 5 8
B60G 0 249 388
B60B 0 73 134
B60C 94 196 385
B60L 0 177 365
B60M 0 14 34
B60N 0 104 165
B60H 0 235 447
B60J 0 248 377
B60K 0 553 1013
B60T 0 218 532
B60V 562 5 10
B60P 0 50 88
B60Q 0 72 146
B60R 0 728 1090
B60S 0 120 196
C10L 2 35 88
C10M 2 172 283
C10N 2 149 240
C10J 45 4 20
C10K 6 2 7
C10F 620 1 1
C10G 33 36 90
C10B 0 20 72
C10C 459 5 23
E01H 0 34 57
B43K 0 15 33
D01D 50 40 151
B43L 0 112 181
F23Q 0 16 40
F23R 66 10 36
F23M 0 5 25
F23L 63 23 51
F23N 0 93 256
F23H 474 3 7
F23K 0 8 37
F23J 0 33 129
F23D 0 31 197
F23G 63 66 170
F23C 63 29 125
F23B 0 1 4
B21C 0 133 420
B21B 0 213 685
G08C 0 86 145
G08B 0 484 711
B21G 576 3 4
B21F 0 31 116
G08G 0 294 399
B21D 0 445 842
B21K 0 46 74
B21J 0 63 121
B21H 0 24 41
B21L 0 1 1
C07B 2 379 701
C07C 2 1103 1611
C07D 2 1335 1519
C07F 2 259 304
C07G 2 12 19
C07H 2 136 181
C07J 2 41 46
C07K 14 136 307
D21D 531 7 17
H04B 0 1159 2626
D21F 0 35 83
D21C 344 15 61
D21B 531 5 18
H04H 0 70 128
H04J 0 343 578
H04K 0 44 78
H04L 0 2026 2842
H04M 0 1779 2553
H04N 0 5138 9279
D21J 17 5 17
H04Q 0 1079 1580
H04R 0 222 453
H04S 0 56 94
A44C 0 18 44
F02M 11 164 778
F02N 0 33 76
F02B 0 164 751
F02C 0 32 139
F02D 0 485 1410
F02F 0 94 278
F02G 26 7 26
G01W 0 21 30
D07B 322 16 77
B25D 0 10 21
B25C 0 7 25
B64B 4 2 7
B64C 0 64 114
B64D 0 42 72
B64F 0 12 17
B64G 0 92 186
C02F 0 250 985
H01T 0 65 150
H01S 2 369 1474
H01R 0 553 1072
H01Q 0 173 477
H01P 0 166 508
C14B 17 1 3
H01L 2 5997 14209
H01K 0 22 63
H01J 0 670 1731
H01H 0 557 1084
H01G 1 132 702
H01F 0 362 1370
H01C 2 113 482
H01B 2 364 1413
C09B 2 204 292
C09C 2 42 114
A24C 0 16 22
A24B 0 5 18
C09F 558 3 5
C09G 2 10 19
C09D 2 589 1196
A24F 0 3 7
C09J 2 301 726
C09K 2 665 1198
C09H 585 1 2
C11D 2 189 310
B31F 0 4 12
C11C 481 3 9
B31D 0 9 17
B31B 0 56 76
B31C 0 3 4
B26B 0 49 101
F15B 0 87 270
G04F 0 32 48
F15D 54 6 11
G04C 0 39 65
G04B 0 19 56
G12B 0 64 112
B43M 0 6 10
A01L 597 3 3
A01M 0 44 91
A01N 2 482 735
A01H 192 27 61
B26D 0 155 291
A01J 0 2 8
A01K 0 152 312
A01D 0 207 269
A01F 0 89 142
A01G 0 168 439
B26F 0 59 121
A01B 0 148 226
A01C 0 172 374
